[gd_scene load_steps=36 format=3 uid="uid://d1u318s5pv1iy"]

[ext_resource type="Texture2D" uid="uid://cx3077bos741p" path="res://resources/textures/Ground037_1K-JPG_Color.jpg" id="1_itoa3"]
[ext_resource type="Script" path="res://src/scenes/world/WorldEnvironment.gd" id="2_pw55t"]
[ext_resource type="PackedScene" uid="uid://d2wkgxkhy1p8f" path="res://resources/meshes/props/barrel.tscn" id="3_mh637"]
[ext_resource type="Script" path="res://src/Nodes/resource_area/resource_area.gd" id="5_2c2qu"]
[ext_resource type="PackedScene" uid="uid://i8suom75g58k" path="res://resources/meshes/props/ledge.tscn" id="5_am454"]
[ext_resource type="PackedScene" uid="uid://dpyoyl17s8w6v" path="res://resources/meshes/props/puddle.tscn" id="5_rxypu"]
[ext_resource type="PackedScene" uid="uid://3yediwp256c5" path="res://resources/meshes/props/rock.tscn" id="6_jdpoj"]
[ext_resource type="PackedScene" uid="uid://ccdyle6s1mx7n" path="res://resources/meshes/props/ore.tscn" id="6_x2c17"]
[ext_resource type="PackedScene" uid="uid://ba6u0vf8d8ac6" path="res://resources/meshes/props/puddle_oil.tscn" id="7_rqekb"]
[ext_resource type="Script" path="res://src/scenes/world/roots_manager.gd" id="10_pk5ag"]
[ext_resource type="PackedScene" uid="uid://bswqm3ew8lx38" path="res://resources/meshes/humans/wall.tscn" id="12_8fnke"]
[ext_resource type="Script" path="res://src/scenes/world/Human_base.gd" id="12_16pwh"]
[ext_resource type="PackedScene" uid="uid://bapoq7j1vvl6a" path="res://src/scenes/humans/tower/human_tower.tscn" id="13_sfdxh"]
[ext_resource type="PackedScene" uid="uid://cy7xfa5e42dq4" path="res://resources/meshes/humans/human_tank.tscn" id="15_knyr5"]
[ext_resource type="PackedScene" uid="uid://bgk88yp1g50m0" path="res://src/scenes/hitbox/hitbox.tscn" id="16_djj8p"]
[ext_resource type="PackedScene" uid="uid://diu22vgu8gpxt" path="res://resources/meshes/humans/human_building.tscn" id="17_bcat3"]
[ext_resource type="PackedScene" uid="uid://byo68y61x8ucu" path="res://src/scenes/humans/human_spawner/human_spawner.tscn" id="17_ifby6"]
[ext_resource type="PackedScene" uid="uid://iljwpiewk2xg" path="res://src/scenes/camera_bound/camera_bound.tscn" id="17_jq6i6"]
[ext_resource type="Script" path="res://src/scenes/world/tank.gd" id="17_ylhyu"]

[sub_resource type="FastNoiseLite" id="FastNoiseLite_wl4to"]
frequency = 0.0088
fractal_type = 2

[sub_resource type="NoiseTexture2D" id="NoiseTexture2D_4kuxn"]
seamless = true
as_normal_map = true
bump_strength = 10.7
noise = SubResource("FastNoiseLite_wl4to")

[sub_resource type="StandardMaterial3D" id="StandardMaterial3D_65n61"]
diffuse_mode = 2
specular_mode = 1
albedo_color = Color(0.72549, 0.643137, 0.431373, 1)
albedo_texture = ExtResource("1_itoa3")
normal_texture = SubResource("NoiseTexture2D_4kuxn")
uv1_scale = Vector3(0.6, 0.6, 0.6)
texture_filter = 1

[sub_resource type="Animation" id="Animation_oduhd"]
length = 0.001
loop_mode = 1
tracks/0/type = "value"
tracks/0/imported = false
tracks/0/enabled = true
tracks/0/path = NodePath("daynight cycle/DirectionalLight3D:rotation")
tracks/0/interp = 1
tracks/0/loop_wrap = true
tracks/0/keys = {
"times": PackedFloat32Array(0),
"transitions": PackedFloat32Array(1),
"update": 0,
"values": [Vector3(0, -1.5708, 0)]
}
tracks/1/type = "value"
tracks/1/imported = false
tracks/1/enabled = true
tracks/1/path = NodePath("daynight cycle/WorldEnvironment:environment:sky:sky_material:sky_top_color")
tracks/1/interp = 1
tracks/1/loop_wrap = true
tracks/1/keys = {
"times": PackedFloat32Array(0),
"transitions": PackedFloat32Array(1),
"update": 0,
"values": [Color(0.258824, 0.454902, 0.698039, 1)]
}
tracks/2/type = "value"
tracks/2/imported = false
tracks/2/enabled = true
tracks/2/path = NodePath("daynight cycle/WorldEnvironment:environment:sky:sky_material:sky_horizon_color")
tracks/2/interp = 1
tracks/2/loop_wrap = true
tracks/2/keys = {
"times": PackedFloat32Array(0),
"transitions": PackedFloat32Array(1),
"update": 0,
"values": [Color(0.6463, 0.6558, 0.6708, 1)]
}

[sub_resource type="Animation" id="Animation_k5o7a"]
resource_name = "cycle"
length = 10.0
loop_mode = 1
tracks/0/type = "value"
tracks/0/imported = false
tracks/0/enabled = true
tracks/0/path = NodePath("daynight cycle/DirectionalLight3D:rotation")
tracks/0/interp = 1
tracks/0/loop_wrap = true
tracks/0/keys = {
"times": PackedFloat32Array(0, 5.1, 6.7, 8.4, 10),
"transitions": PackedFloat32Array(1, 1, 1, 1, 1),
"update": 0,
"values": [Vector3(-8.74228e-08, 1.5708, 3.14159), Vector3(-4.37114e-08, 0, 1.5708), Vector3(-2.94383e-08, -0.512913, 1.05788), Vector3(-1.42731e-08, -1.05788, 0.512913), Vector3(0, -1.5708, 0)]
}
tracks/1/type = "value"
tracks/1/imported = false
tracks/1/enabled = true
tracks/1/path = NodePath("daynight cycle/WorldEnvironment:environment:sky:sky_material:sky_top_color")
tracks/1/interp = 2
tracks/1/loop_wrap = true
tracks/1/keys = {
"times": PackedFloat32Array(0, 0.9, 4, 5.1, 5.8, 8.6, 10),
"transitions": PackedFloat32Array(1, 1, 1, 1, 1, 1, 1),
"update": 0,
"values": [Color(0.560784, 0.160784, 0, 1), Color(0.258824, 0.454902, 0.698039, 1), Color(0.258824, 0.454902, 0.698039, 1), Color(0.454902, 0.12549, 0, 1), Color(0.305882, 0.0980392, 0.470588, 1), Color(0.305882, 0.0980392, 0.470588, 1), Color(0.560784, 0.160784, 0, 1)]
}
tracks/2/type = "value"
tracks/2/imported = false
tracks/2/enabled = true
tracks/2/path = NodePath("daynight cycle/WorldEnvironment:environment:sky:sky_material:sky_horizon_color")
tracks/2/interp = 2
tracks/2/loop_wrap = true
tracks/2/keys = {
"times": PackedFloat32Array(0, 1.3, 3.6, 4.6, 6.2, 7.9, 10),
"transitions": PackedFloat32Array(1, 1, 1, 1, 1, 1, 1),
"update": 0,
"values": [Color(0.784314, 0.47451, 0, 1), Color(0.6463, 0.6558, 0.6708, 1), Color(0.6463, 0.6558, 0.6708, 1), Color(0.784314, 0.47451, 0, 1), Color(0.254902, 0.145098, 0.223529, 1), Color(0.254902, 0.145098, 0.223529, 1), Color(0.784314, 0.47451, 0, 1)]
}

[sub_resource type="AnimationLibrary" id="AnimationLibrary_aqwhh"]
_data = {
"RESET": SubResource("Animation_oduhd"),
"cycle": SubResource("Animation_k5o7a")
}

[sub_resource type="ProceduralSkyMaterial" id="ProceduralSkyMaterial_sg5e1"]
sky_top_color = Color(0.258824, 0.454902, 0.698039, 1)

[sub_resource type="Sky" id="Sky_7orkv"]
sky_material = SubResource("ProceduralSkyMaterial_sg5e1")

[sub_resource type="Environment" id="Environment_fdwmh"]
background_mode = 2
background_color = Color(1, 1, 1, 1)
sky = SubResource("Sky_7orkv")
ambient_light_source = 2
ambient_light_color = Color(0.6, 0.780392, 0.831373, 1)
ambient_light_sky_contribution = 0.0
tonemap_exposure = 1.1
ssao_enabled = true
ssao_radius = 3.11
ssao_intensity = 6.36
ssao_detail = 3.49
ssao_horizon = 0.0
adjustment_enabled = true
adjustment_brightness = 1.4
adjustment_contrast = 1.4

[sub_resource type="BoxShape3D" id="BoxShape3D_wv6a8"]
size = Vector3(7.83789, 2.74023, 7.10254)

[sub_resource type="BoxShape3D" id="BoxShape3D_3wmmi"]
size = Vector3(11.7745, 2.74023, 14.0215)

[sub_resource type="BoxShape3D" id="BoxShape3D_n4c2r"]
size = Vector3(7.83789, 2.74023, 10.1631)

[sub_resource type="BoxShape3D" id="BoxShape3D_hmcck"]
size = Vector3(16.0313, 2.74023, 18.3499)

[sub_resource type="BoxShape3D" id="BoxShape3D_d37hy"]
size = Vector3(11.8704, 2.74023, 11.4603)

[sub_resource type="BoxShape3D" id="BoxShape3D_lnqtf"]
size = Vector3(16.0557, 2.74023, 18.3418)

[sub_resource type="BoxShape3D" id="BoxShape3D_dk2da"]
size = Vector3(46.3494, 37.2263, 106.143)

[node name="world" type="Node3D" groups=["world"]]

[node name="CSGBox3D" type="CSGBox3D" parent="."]
transform = Transform3D(1, 0, 0, 0, 1, 0, 0, 0, 1, -121.149, -0.366522, 123.193)
material_override = SubResource("StandardMaterial3D_65n61")
use_collision = true
collision_layer = 3
collision_mask = 3
size = Vector3(742.698, 1, 805.802)

[node name="daynight cycle" type="AnimationPlayer" parent="."]
libraries = {
"": SubResource("AnimationLibrary_aqwhh")
}
autoplay = "cycle"
speed_scale = 0.2

[node name="WorldEnvironment" type="WorldEnvironment" parent="daynight cycle"]
environment = SubResource("Environment_fdwmh")
script = ExtResource("2_pw55t")

[node name="DirectionalLight3D" type="DirectionalLight3D" parent="daynight cycle"]
transform = Transform3D(-3.61999e-06, 0, -1, 0, 1, 0, 1, 0, -3.61999e-06, -3.10785, 25.2792, 0)
rotation_order = 4

[node name="resources" type="Node3D" parent="."]

[node name="mutagen_spot" type="Node3D" parent="resources"]
transform = Transform3D(1, 0, 0, 0, 1, 3.49246e-10, 0, 0, 1, -21.4248, 1.06659, 10.5254)

[node name="mutagen_barrel" parent="resources/mutagen_spot" instance=ExtResource("3_mh637")]
transform = Transform3D(0.00232672, 0.894721, 0.44662, -0.999997, 0.00260049, -3.12479e-10, -0.00116143, -0.446618, 0.894724, -2.82117, 2.38419e-07, 0.547779)

[node name="mutagen_barrel2" parent="resources/mutagen_spot" instance=ExtResource("3_mh637")]
transform = Transform3D(-0.000679543, -0.261312, 0.965254, -0.999997, 0.00260049, 1.95422e-10, -0.00251013, -0.965251, -0.261313, 1.00549, 2.38419e-07, 2.5658)

[node name="ResourceArea" type="Area3D" parent="resources/mutagen_spot"]
transform = Transform3D(0.400061, 0, 0.916488, 3.2008e-10, 1, -1.3972e-10, -0.916488, 0, 0.400061, -0.0222454, -0.93311, -0.0577078)
script = ExtResource("5_2c2qu")
resources = Vector3i(100, 0, 0)

[node name="CollisionShape3D" type="CollisionShape3D" parent="resources/mutagen_spot/ResourceArea"]
shape = SubResource("BoxShape3D_wv6a8")

[node name="puddle2" parent="resources/mutagen_spot/ResourceArea" instance=ExtResource("5_rxypu")]
transform = Transform3D(0.400061, 0, -0.916488, 0, 1, 0, 0.916488, 0, 0.400061, -0.181839, 9.53674e-07, -1.20498)

[node name="puddle3" parent="resources/mutagen_spot/ResourceArea" instance=ExtResource("5_rxypu")]
transform = Transform3D(-0.974664, 0, -0.223675, 0, 1, 0, 0.223675, 0, -0.974664, 2.62989, 1.43051e-06, 0.111037)

[node name="puddle5" parent="resources/mutagen_spot/ResourceArea" instance=ExtResource("5_rxypu")]
transform = Transform3D(-0.223675, 0, 0.974664, 0, 1, 0, -0.974664, 0, -0.223675, 0.547983, 1.43051e-06, 1.62293)

[node name="puddle6" parent="resources/mutagen_spot/ResourceArea" instance=ExtResource("5_rxypu")]
transform = Transform3D(-0.194748, 0, -0.980853, 0, 1, 0, 0.980853, 0, -0.194748, 2.09727, -0.114154, -2.32672)

[node name="puddle4" parent="resources/mutagen_spot/ResourceArea" instance=ExtResource("5_rxypu")]
transform = Transform3D(0.962871, 0, 0.269962, 0, 1, 0, -0.269962, 0, 0.962871, 0.679552, 1.90735e-06, 0.279095)

[node name="puddle7" parent="resources/mutagen_spot/ResourceArea" instance=ExtResource("5_rxypu")]
transform = Transform3D(-0.165925, 0, 0.986138, 0, 1, 0, -0.986138, 0, -0.165925, -0.508499, 1.90735e-06, 0.497427)

[node name="mutagen_spot2" type="Node3D" parent="resources"]
transform = Transform3D(-0.053556, 0, 0.998565, 0, 1, 3.49246e-10, -0.998565, 0, -0.053556, -32.381, 1.06659, 47.9556)

[node name="mutagen_barrel" parent="resources/mutagen_spot2" instance=ExtResource("3_mh637")]
transform = Transform3D(0.00232672, 0.894721, 0.44662, -0.999997, 0.00260049, -3.12479e-10, -0.00116143, -0.446618, 0.894724, -2.82117, 2.38419e-07, 0.547779)

[node name="mutagen_barrel2" parent="resources/mutagen_spot2" instance=ExtResource("3_mh637")]
transform = Transform3D(-0.000679543, -0.261312, 0.965254, -0.999997, 0.00260049, 1.95422e-10, -0.00251013, -0.965251, -0.261313, 1.00549, 2.38419e-07, 2.5658)

[node name="ResourceArea" type="Area3D" parent="resources/mutagen_spot2"]
transform = Transform3D(0.400061, 0, 0.916488, 3.2008e-10, 1, -1.3972e-10, -0.916488, 0, 0.400061, -0.0222454, -0.93311, -0.0577078)
script = ExtResource("5_2c2qu")
resources = Vector3i(150, 0, 0)

[node name="CollisionShape3D" type="CollisionShape3D" parent="resources/mutagen_spot2/ResourceArea"]
shape = SubResource("BoxShape3D_wv6a8")

[node name="puddle2" parent="resources/mutagen_spot2/ResourceArea" instance=ExtResource("5_rxypu")]
transform = Transform3D(0.400061, 0, -0.916488, 0, 1, 0, 0.916488, 0, 0.400061, -0.181839, 9.53674e-07, -1.20498)

[node name="puddle3" parent="resources/mutagen_spot2/ResourceArea" instance=ExtResource("5_rxypu")]
transform = Transform3D(-0.974664, 0, -0.223675, 0, 1, 0, 0.223675, 0, -0.974664, 2.62989, 1.43051e-06, 0.111037)

[node name="puddle5" parent="resources/mutagen_spot2/ResourceArea" instance=ExtResource("5_rxypu")]
transform = Transform3D(-0.223675, 0, 0.974664, 0, 1, 0, -0.974664, 0, -0.223675, 0.547983, 1.43051e-06, 1.62293)

[node name="puddle6" parent="resources/mutagen_spot2/ResourceArea" instance=ExtResource("5_rxypu")]
transform = Transform3D(-0.194748, 0, -0.980853, 0, 1, 0, 0.980853, 0, -0.194748, 2.09727, -0.114154, -2.32672)

[node name="puddle4" parent="resources/mutagen_spot2/ResourceArea" instance=ExtResource("5_rxypu")]
transform = Transform3D(0.962871, 0, 0.269962, 0, 1, 0, -0.269962, 0, 0.962871, 0.679552, 1.90735e-06, 0.279095)

[node name="puddle7" parent="resources/mutagen_spot2/ResourceArea" instance=ExtResource("5_rxypu")]
transform = Transform3D(-0.165925, 0, 0.986138, 0, 1, 0, -0.986138, 0, -0.165925, -0.508499, 1.90735e-06, 0.497427)

[node name="mutagen_spot3" type="Node3D" parent="resources"]
transform = Transform3D(-0.611196, -1.78949e-17, -0.79148, -1.53371e-17, 1, 3.49246e-10, 0.79148, 1.91715e-17, -0.611196, -68.9202, 1.06659, -35.5134)

[node name="mutagen_barrel" parent="resources/mutagen_spot3" instance=ExtResource("3_mh637")]
transform = Transform3D(0.00232672, 0.894721, 0.44662, -0.999997, 0.00260049, -3.12479e-10, -0.00116143, -0.446618, 0.894724, -2.82117, 2.38419e-07, 0.547779)

[node name="mutagen_barrel5" parent="resources/mutagen_spot3" instance=ExtResource("3_mh637")]
transform = Transform3D(0.00255148, 0.981148, -0.193241, -0.999997, 0.00260049, -3.42836e-10, 0.000502522, 0.19324, 0.981151, -5.0877, 2.38419e-07, -3.36115)

[node name="mutagen_barrel2" parent="resources/mutagen_spot3" instance=ExtResource("3_mh637")]
transform = Transform3D(-0.000679543, -0.261312, 0.965254, -0.999997, 0.00260049, 1.95422e-10, -0.00251013, -0.965251, -0.261313, 1.00549, 2.38419e-07, 2.5658)

[node name="mutagen_barrel3" parent="resources/mutagen_spot3" instance=ExtResource("3_mh637")]
transform = Transform3D(-0.00220794, -0.849043, 0.52832, -0.999997, 0.00260049, 3.62054e-10, -0.00137389, -0.528318, -0.849046, 4.36409, 2.38419e-07, 1.15884)

[node name="mutagen_barrel4" parent="resources/mutagen_spot3" instance=ExtResource("3_mh637")]
transform = Transform3D(-0.611912, -0.274712, 0.741685, 0.00243693, 0.937084, 0.349096, -0.790922, 0.215423, -0.572744, 3.07743, 0.529253, 2.75274)

[node name="ResourceArea" type="Area3D" parent="resources/mutagen_spot3"]
transform = Transform3D(0.400061, 0, 0.916488, 3.2008e-10, 1, -1.3972e-10, -0.916488, 0, 0.400061, -0.0222454, -0.93311, -0.0577078)
script = ExtResource("5_2c2qu")
resources = Vector3i(250, 0, 0)

[node name="CollisionShape3D" type="CollisionShape3D" parent="resources/mutagen_spot3/ResourceArea"]
transform = Transform3D(1, 0, 0, 0, 1, 0, 0, -8.27181e-25, 1, 1.96829, 0, 2.28882e-05)
shape = SubResource("BoxShape3D_3wmmi")

[node name="puddle2" parent="resources/mutagen_spot3/ResourceArea" instance=ExtResource("5_rxypu")]
transform = Transform3D(0.400061, 0, -0.916488, 0, 1, 0, 0.916488, 0, 0.400061, -0.181839, 9.53674e-07, -1.20498)

[node name="puddle3" parent="resources/mutagen_spot3/ResourceArea" instance=ExtResource("5_rxypu")]
transform = Transform3D(-0.974664, 0, -0.223675, 0, 1, 0, 0.223675, -8.27181e-25, -0.974664, 4.49693, 4.76837e-07, 1.77438)

[node name="puddle5" parent="resources/mutagen_spot3/ResourceArea" instance=ExtResource("5_rxypu")]
transform = Transform3D(-0.223675, 0, 0.974664, -1.65436e-24, 1, 0, -0.974664, -8.27181e-25, -0.223675, 1.32281, 1.43051e-06, 5.18808)

[node name="puddle6" parent="resources/mutagen_spot3/ResourceArea" instance=ExtResource("5_rxypu")]
transform = Transform3D(-0.194748, 0, -0.980853, 0, 1, -1.65436e-24, 0.980853, -8.27181e-25, -0.194748, 3.63979, -0.114154, -2.5526)

[node name="puddle4" parent="resources/mutagen_spot3/ResourceArea" instance=ExtResource("5_rxypu")]
transform = Transform3D(0.962871, 0, 0.269962, 1.65436e-24, 1, 0, -0.269962, -8.27181e-25, 0.962871, 2.555, 1.90735e-06, -4.73502)

[node name="puddle7" parent="resources/mutagen_spot3/ResourceArea" instance=ExtResource("5_rxypu")]
transform = Transform3D(4.27062, -5.3165e-17, -5.46536, 1.54378e-16, 1, -3.30628e-16, 6.50684, 1.11683e-17, 3.58707, 3.09142, 1.90735e-06, 0.284119)

[node name="mutagen_spot4" type="Node3D" parent="resources"]
transform = Transform3D(0.987778, 3.57009e-17, 0.155866, -2.63211e-17, 1, 3.49246e-10, -0.155866, -2.5622e-17, 0.987778, -126.741, 1.06659, 83.6396)

[node name="mutagen_barrel" parent="resources/mutagen_spot4" instance=ExtResource("3_mh637")]
transform = Transform3D(0.00232672, 0.894721, 0.44662, -0.999997, 0.00260049, -3.12479e-10, -0.00116143, -0.446618, 0.894724, -2.82117, 2.38419e-07, 0.547779)

[node name="mutagen_barrel5" parent="resources/mutagen_spot4" instance=ExtResource("3_mh637")]
transform = Transform3D(0.00255148, 0.981148, -0.193241, -0.999997, 0.00260049, -3.42836e-10, 0.000502522, 0.19324, 0.981151, -5.0877, 2.38419e-07, -3.36115)

[node name="mutagen_barrel2" parent="resources/mutagen_spot4" instance=ExtResource("3_mh637")]
transform = Transform3D(-0.000679543, -0.261312, 0.965254, -0.999997, 0.00260049, 1.95422e-10, -0.00251013, -0.965251, -0.261313, 1.00549, 2.38419e-07, 2.5658)

[node name="mutagen_barrel3" parent="resources/mutagen_spot4" instance=ExtResource("3_mh637")]
transform = Transform3D(-0.00220794, -0.849043, 0.52832, -0.999997, 0.00260049, 3.62054e-10, -0.00137389, -0.528318, -0.849046, 4.36409, 2.38419e-07, 1.15884)

[node name="mutagen_barrel4" parent="resources/mutagen_spot4" instance=ExtResource("3_mh637")]
transform = Transform3D(-0.611912, -0.274712, 0.741685, 0.00243693, 0.937084, 0.349096, -0.790922, 0.215423, -0.572744, 3.07743, 0.529253, 2.75274)

[node name="ResourceArea" type="Area3D" parent="resources/mutagen_spot4"]
transform = Transform3D(0.400061, 0, 0.916488, 3.2008e-10, 1, -1.3972e-10, -0.916488, 0, 0.400061, -0.0222454, -0.93311, -0.0577078)
script = ExtResource("5_2c2qu")
resources = Vector3i(250, 0, 0)

[node name="CollisionShape3D" type="CollisionShape3D" parent="resources/mutagen_spot4/ResourceArea"]
transform = Transform3D(1, 0, 0, 0, 1, 0, 0, -8.27181e-25, 1, 1.96829, 0, 2.28882e-05)
shape = SubResource("BoxShape3D_3wmmi")

[node name="puddle2" parent="resources/mutagen_spot4/ResourceArea" instance=ExtResource("5_rxypu")]
transform = Transform3D(0.400061, 0, -0.916488, 0, 1, 0, 0.916488, 0, 0.400061, -0.181839, 9.53674e-07, -1.20498)

[node name="puddle3" parent="resources/mutagen_spot4/ResourceArea" instance=ExtResource("5_rxypu")]
transform = Transform3D(-0.974664, 0, -0.223675, 0, 1, 0, 0.223675, -8.27181e-25, -0.974664, 4.49693, 4.76837e-07, 1.77438)

[node name="puddle5" parent="resources/mutagen_spot4/ResourceArea" instance=ExtResource("5_rxypu")]
transform = Transform3D(-0.223675, 0, 0.974664, -1.65436e-24, 1, 0, -0.974664, -8.27181e-25, -0.223675, 1.32281, 1.43051e-06, 5.18808)

[node name="puddle6" parent="resources/mutagen_spot4/ResourceArea" instance=ExtResource("5_rxypu")]
transform = Transform3D(-0.194748, 0, -0.980853, 0, 1, -1.65436e-24, 0.980853, -8.27181e-25, -0.194748, 3.63979, -0.114154, -2.5526)

[node name="puddle4" parent="resources/mutagen_spot4/ResourceArea" instance=ExtResource("5_rxypu")]
transform = Transform3D(0.962871, 0, 0.269962, 1.65436e-24, 1, 0, -0.269962, -8.27181e-25, 0.962871, 2.555, 1.90735e-06, -4.73502)

[node name="puddle7" parent="resources/mutagen_spot4/ResourceArea" instance=ExtResource("5_rxypu")]
transform = Transform3D(4.27062, -5.3165e-17, -5.46536, 1.54378e-16, 1, -3.30628e-16, 6.50684, 1.11683e-17, 3.58707, 3.09142, 1.90735e-06, 0.284119)

[node name="mutagen_spot5" type="Node3D" parent="resources"]
transform = Transform3D(-0.0501744, 2.63709e-17, -0.99874, -3.57241e-17, 1, 3.49246e-10, 0.99874, 3.48455e-17, -0.0501744, -257.231, 1.06659, 6.55938)

[node name="mutagen_barrel" parent="resources/mutagen_spot5" instance=ExtResource("3_mh637")]
transform = Transform3D(0.00232672, 0.894721, 0.44662, -0.999997, 0.00260049, -3.12479e-10, -0.00116143, -0.446618, 0.894724, -2.82117, 2.38419e-07, 0.547779)

[node name="mutagen_barrel5" parent="resources/mutagen_spot5" instance=ExtResource("3_mh637")]
transform = Transform3D(0.00255148, 0.981148, -0.193241, -0.999997, 0.00260049, -3.42836e-10, 0.000502522, 0.19324, 0.981151, -5.0877, 2.38419e-07, -3.36115)

[node name="mutagen_barrel2" parent="resources/mutagen_spot5" instance=ExtResource("3_mh637")]
transform = Transform3D(-0.000679543, -0.261312, 0.965254, -0.999997, 0.00260049, 1.95422e-10, -0.00251013, -0.965251, -0.261313, 1.00549, 2.38419e-07, 2.5658)

[node name="mutagen_barrel3" parent="resources/mutagen_spot5" instance=ExtResource("3_mh637")]
transform = Transform3D(-0.00220794, -0.849043, 0.52832, -0.999997, 0.00260049, 3.62054e-10, -0.00137389, -0.528318, -0.849046, 4.36409, 2.38419e-07, 1.15884)

[node name="mutagen_barrel4" parent="resources/mutagen_spot5" instance=ExtResource("3_mh637")]
transform = Transform3D(-0.611912, -0.274712, 0.741685, 0.00243693, 0.937084, 0.349096, -0.790922, 0.215423, -0.572744, 3.07743, 0.529253, 2.75274)

[node name="ResourceArea" type="Area3D" parent="resources/mutagen_spot5"]
transform = Transform3D(0.400061, 0, 0.916488, 3.2008e-10, 1, -1.3972e-10, -0.916488, 0, 0.400061, -0.0222454, -0.93311, -0.0577078)
script = ExtResource("5_2c2qu")
resources = Vector3i(250, 0, 0)

[node name="CollisionShape3D" type="CollisionShape3D" parent="resources/mutagen_spot5/ResourceArea"]
transform = Transform3D(1, 3.30872e-24, 2.98023e-08, -6.61744e-24, 1, 1.0985e-21, -2.98023e-08, -6.61744e-23, 1, 1.96831, 0, 1.52588e-05)
shape = SubResource("BoxShape3D_3wmmi")

[node name="puddle2" parent="resources/mutagen_spot5/ResourceArea" instance=ExtResource("5_rxypu")]
transform = Transform3D(0.400061, 0, -0.916488, 0, 1, 0, 0.916488, 0, 0.400061, -0.181839, 9.53674e-07, -1.20498)

[node name="puddle3" parent="resources/mutagen_spot5/ResourceArea" instance=ExtResource("5_rxypu")]
transform = Transform3D(-0.974664, 0, -0.223675, 0, 1, 0, 0.223675, -8.27181e-25, -0.974664, 4.49693, 4.76837e-07, 1.77438)

[node name="puddle5" parent="resources/mutagen_spot5/ResourceArea" instance=ExtResource("5_rxypu")]
transform = Transform3D(-0.223675, 0, 0.974664, -1.65436e-24, 1, 0, -0.974664, -8.27181e-25, -0.223675, 1.32281, 1.43051e-06, 5.18808)

[node name="puddle6" parent="resources/mutagen_spot5/ResourceArea" instance=ExtResource("5_rxypu")]
transform = Transform3D(-0.194748, 0, -0.980853, 0, 1, -1.65436e-24, 0.980853, -8.27181e-25, -0.194748, 3.63979, -0.114154, -2.5526)

[node name="puddle4" parent="resources/mutagen_spot5/ResourceArea" instance=ExtResource("5_rxypu")]
transform = Transform3D(0.962871, 0, 0.269962, 1.65436e-24, 1, 0, -0.269962, -8.27181e-25, 0.962871, 2.555, 1.90735e-06, -4.73502)

[node name="puddle7" parent="resources/mutagen_spot5/ResourceArea" instance=ExtResource("5_rxypu")]
transform = Transform3D(4.27062, -5.3165e-17, -5.46536, 1.54378e-16, 1, -3.30628e-16, 6.50684, 1.11683e-17, 3.58707, 3.09142, 1.90735e-06, 0.284119)

[node name="ore_spot" type="Node3D" parent="resources"]
transform = Transform3D(0.93529, 0, 0.353883, 0, 1, 3.49246e-10, -0.353883, 0, 0.93529, -31.4264, 1.06659, -1.99541)

[node name="ResourceArea" type="Area3D" parent="resources/ore_spot"]
transform = Transform3D(0.400061, 0, 0.916488, 3.2008e-10, 1, -1.3972e-10, -0.916488, 0, 0.400061, -0.0222454, -0.93311, -0.0577078)
script = ExtResource("5_2c2qu")
resources = Vector3i(0, 65, 0)

[node name="CollisionShape3D" type="CollisionShape3D" parent="resources/ore_spot/ResourceArea"]
transform = Transform3D(0.905606, 0, 0.42412, 0, 1, 0, -0.42412, 0, 0.905606, 0.97852, 4.76837e-07, -0.218037)
shape = SubResource("BoxShape3D_n4c2r")

[node name="ore2" parent="resources/ore_spot/ResourceArea" instance=ExtResource("6_x2c17")]
transform = Transform3D(0.400061, 0, -0.916488, 0, 1, 3.49246e-10, 0.916488, 0, 0.400061, 1.72709, -0.374594, -3.00559)

[node name="ore3" parent="resources/ore_spot/ResourceArea" instance=ExtResource("6_x2c17")]
transform = Transform3D(0.372433, -0.14609, -0.916488, 0.365169, 0.930941, 3.49246e-10, 0.853197, -0.334673, 0.400061, 3.21734, -0.374594, 1.07967)

[node name="ore4" parent="resources/ore_spot/ResourceArea" instance=ExtResource("6_x2c17")]
transform = Transform3D(0.945815, 0.140797, -0.292592, -0.223453, 0.936023, -0.271901, 0.235589, 0.322549, 0.916766, 3.74511, -0.374594, -1.43831)

[node name="ore_spot2" type="Node3D" parent="resources"]
transform = Transform3D(0.556151, 0, -0.831082, 0, 1, 3.49246e-10, 0.831082, 0, 0.556151, 15.5241, 1.06659, -37.775)

[node name="ResourceArea" type="Area3D" parent="resources/ore_spot2"]
transform = Transform3D(0.400061, 0, 0.916488, 3.2008e-10, 1, -1.3972e-10, -0.916488, 0, 0.400061, -0.0222454, -0.93311, -0.0577078)
script = ExtResource("5_2c2qu")
resources = Vector3i(0, 100, 0)

[node name="CollisionShape3D" type="CollisionShape3D" parent="resources/ore_spot2/ResourceArea"]
transform = Transform3D(0.905606, 0, 0.42412, 0, 1, 0, -0.42412, 0, 0.905606, 0.97852, 4.76837e-07, -0.218037)
shape = SubResource("BoxShape3D_n4c2r")

[node name="ore2" parent="resources/ore_spot2/ResourceArea" instance=ExtResource("6_x2c17")]
transform = Transform3D(0.400061, 0, -0.916488, 0, 1, 3.49246e-10, 0.916488, 0, 0.400061, 1.72709, -0.374594, -3.0056)

[node name="ore3" parent="resources/ore_spot2/ResourceArea" instance=ExtResource("6_x2c17")]
transform = Transform3D(0.372433, -0.14609, -0.916488, 0.365169, 0.930941, 3.49246e-10, 0.853197, -0.334673, 0.400061, 3.21734, -0.374594, 1.07967)

[node name="ore4" parent="resources/ore_spot2/ResourceArea" instance=ExtResource("6_x2c17")]
transform = Transform3D(0.945815, 0.140797, -0.292592, -0.223453, 0.936023, -0.271901, 0.235589, 0.322549, 0.916766, 3.74511, -0.374594, -1.43831)

[node name="ore_spot3" type="Node3D" parent="resources"]
transform = Transform3D(-0.685907, 0, 0.727689, 0, 1, 3.49246e-10, -0.727689, 0, -0.685907, -94.0487, 1.06659, 11.8985)

[node name="ResourceArea" type="Area3D" parent="resources/ore_spot3"]
transform = Transform3D(0.400061, 0, 0.916488, 3.2008e-10, 1, -1.3972e-10, -0.916488, 0, 0.400061, -0.0222454, -0.93311, -0.0577078)
script = ExtResource("5_2c2qu")
resources = Vector3i(0, 80, 0)

[node name="CollisionShape3D" type="CollisionShape3D" parent="resources/ore_spot3/ResourceArea"]
transform = Transform3D(0.905606, 0, 0.42412, 0, 1, 0, -0.42412, 0, 0.905606, 0.97852, 4.76837e-07, -0.218037)
shape = SubResource("BoxShape3D_n4c2r")

[node name="ore2" parent="resources/ore_spot3/ResourceArea" instance=ExtResource("6_x2c17")]
transform = Transform3D(0.400061, 0, -0.916488, 0, 1, 3.49246e-10, 0.916488, 0, 0.400061, 1.72709, -0.374594, -3.00559)

[node name="ore3" parent="resources/ore_spot3/ResourceArea" instance=ExtResource("6_x2c17")]
transform = Transform3D(0.372433, -0.14609, -0.916488, 0.365169, 0.930941, 3.49246e-10, 0.853197, -0.334673, 0.400061, 3.21734, -0.374594, 1.07967)

[node name="ore4" parent="resources/ore_spot3/ResourceArea" instance=ExtResource("6_x2c17")]
transform = Transform3D(0.945815, 0.140797, -0.292592, -0.223453, 0.936023, -0.271901, 0.235589, 0.322549, 0.916766, 3.74511, -0.374594, -1.43832)

[node name="ore_spot4" type="Node3D" parent="resources"]
transform = Transform3D(0.492484, 0, 0.870321, 0, 1, 3.49246e-10, -0.870321, 0, 0.492484, -154.718, 1.06659, 17.7253)

[node name="ResourceArea" type="Area3D" parent="resources/ore_spot4"]
transform = Transform3D(0.400061, 0, 0.916488, 3.2008e-10, 1, -1.3972e-10, -0.916488, 0, 0.400061, -0.0222454, -0.93311, -0.0577078)
script = ExtResource("5_2c2qu")
resources = Vector3i(0, 200, 0)

[node name="CollisionShape3D" type="CollisionShape3D" parent="resources/ore_spot4/ResourceArea"]
transform = Transform3D(0.56393, 0, 0.825823, 0, 1, 0, -0.825823, 0, 0.56393, 2.24888, 4.76837e-07, -1.96877)
shape = SubResource("BoxShape3D_hmcck")

[node name="ore2" parent="resources/ore_spot4/ResourceArea" instance=ExtResource("6_x2c17")]
transform = Transform3D(0.779071, -0.54052, -1.48866, -0.443208, 1.51833, -0.783239, 1.52047, 0.719538, 0.534462, -1.13539, -0.374594, -4.99812)

[node name="ore3" parent="resources/ore_spot4/ResourceArea" instance=ExtResource("6_x2c17")]
transform = Transform3D(0.616377, -0.241779, -1.51679, 0.604355, 1.54071, 5.6389e-08, 1.41204, -0.553884, 0.662101, 6.00371, -0.374594, 2.79285)

[node name="ore4" parent="resources/ore_spot4/ResourceArea" instance=ExtResource("6_x2c17")]
transform = Transform3D(1.83961, 0.273851, -0.569091, -0.434617, 1.82056, -0.528847, 0.458221, 0.627357, 1.78311, 1.35239, -0.344409, -3.7356)

[node name="ore5" parent="resources/ore_spot4/ResourceArea" instance=ExtResource("6_x2c17")]
transform = Transform3D(3.42858, 0.51039, -1.06065, -0.810018, 3.39308, -0.985641, 0.854012, 1.16924, 3.32328, 5.94217, -0.374594, -4.36307)

[node name="ore_spot5" type="Node3D" parent="resources"]
transform = Transform3D(0.492484, 0, 0.870321, 0, 1, 3.49246e-10, -0.870321, 0, 0.492484, -350.6, 1.06659, -41.3607)

[node name="ResourceArea" type="Area3D" parent="resources/ore_spot5"]
transform = Transform3D(0.400061, 0, 0.916488, 3.2008e-10, 1, -1.3972e-10, -0.916488, 0, 0.400061, -0.0222454, -0.93311, -0.0577078)
script = ExtResource("5_2c2qu")
resources = Vector3i(0, 300, 0)

[node name="CollisionShape3D" type="CollisionShape3D" parent="resources/ore_spot5/ResourceArea"]
transform = Transform3D(0.56393, 0, 0.825823, 0, 1, 0, -0.825823, 0, 0.56393, 2.24888, 4.76837e-07, -1.96877)
shape = SubResource("BoxShape3D_hmcck")

[node name="ore2" parent="resources/ore_spot5/ResourceArea" instance=ExtResource("6_x2c17")]
transform = Transform3D(0.779071, -0.54052, -1.48866, -0.443208, 1.51833, -0.783239, 1.52047, 0.719538, 0.534462, -1.13539, -0.374594, -4.99812)

[node name="ore3" parent="resources/ore_spot5/ResourceArea" instance=ExtResource("6_x2c17")]
transform = Transform3D(0.616377, -0.241779, -1.51679, 0.604355, 1.54071, 5.6389e-08, 1.41204, -0.553884, 0.662101, 6.00371, -0.374594, 2.79285)

[node name="ore4" parent="resources/ore_spot5/ResourceArea" instance=ExtResource("6_x2c17")]
transform = Transform3D(1.83961, 0.273851, -0.569091, -0.434617, 1.82056, -0.528847, 0.458221, 0.627357, 1.78311, 1.35239, -0.344409, -3.7356)

[node name="ore5" parent="resources/ore_spot5/ResourceArea" instance=ExtResource("6_x2c17")]
transform = Transform3D(3.42858, 0.51039, -1.06065, -0.810018, 3.39308, -0.985641, 0.854012, 1.16924, 3.32328, 5.94217, -0.374594, -4.36307)

[node name="oil_spot" type="Node3D" parent="resources"]
transform = Transform3D(0.647548, 0, -0.762025, 0, 1, 3.49246e-10, 0.762025, 0, 0.647548, -74.8098, 1.06659, 36.2565)

[node name="ResourceArea" type="Area3D" parent="resources/oil_spot"]
transform = Transform3D(0.400061, 0, 0.916488, 3.2008e-10, 1, -1.3972e-10, -0.916488, 0, 0.400061, -0.0222454, -0.93311, -0.0577078)
script = ExtResource("5_2c2qu")
resources = Vector3i(0, 0, 80)

[node name="CollisionShape3D" type="CollisionShape3D" parent="resources/oil_spot/ResourceArea"]
transform = Transform3D(1, 0, 0, 1.47106e-20, 1, -1.47172e-20, 0, 0, 1, 1.02984, 0, -0.598948)
shape = SubResource("BoxShape3D_d37hy")

[node name="puddle_oil" parent="resources/oil_spot/ResourceArea" instance=ExtResource("7_rqekb")]
transform = Transform3D(4.525, -5.98131e-23, 0, 5.98131e-23, 4.525, 0, 0, 0, 4.525, 0, 0.25118, 0)

[node name="puddle_oil2" parent="resources/oil_spot/ResourceArea" instance=ExtResource("7_rqekb")]
transform = Transform3D(-1.40365, 0.216422, -4.29634, 0.313427, 4.5124, 0.124906, 4.29036, -0.258843, -1.41474, 0.933105, -0.339256, -1.62317)

[node name="oil_spot3" type="Node3D" parent="resources"]
transform = Transform3D(0.647548, 0, -0.762025, 0, 1, 3.49246e-10, 0.762025, 0, 0.647548, 22.2448, 1.06659, 31.452)

[node name="ResourceArea" type="Area3D" parent="resources/oil_spot3"]
transform = Transform3D(0.400061, 0, 0.916488, 3.2008e-10, 1, -1.3972e-10, -0.916488, 0, 0.400061, -0.0222454, -0.93311, -0.0577078)
script = ExtResource("5_2c2qu")
resources = Vector3i(0, 0, 60)

[node name="CollisionShape3D" type="CollisionShape3D" parent="resources/oil_spot3/ResourceArea"]
transform = Transform3D(1, 0, 0, 1.47106e-20, 1, -1.47172e-20, 0, 0, 1, 1.02984, 0, -0.598948)
shape = SubResource("BoxShape3D_d37hy")

[node name="puddle_oil" parent="resources/oil_spot3/ResourceArea" instance=ExtResource("7_rqekb")]
transform = Transform3D(4.525, -5.98131e-23, 0, 5.98131e-23, 4.525, 0, 0, 0, 4.525, 0, 0.25118, 0)

[node name="puddle_oil2" parent="resources/oil_spot3/ResourceArea" instance=ExtResource("7_rqekb")]
transform = Transform3D(-1.40365, 0.216422, -4.29634, 0.313427, 4.5124, 0.124906, 4.29036, -0.258843, -1.41474, 0.933105, -0.339256, -1.62317)

[node name="oil_spot2" type="Node3D" parent="resources"]
transform = Transform3D(-0.283597, 0, -0.958944, 0, 1, 3.49246e-10, 0.958944, 0, -0.283597, -132.446, 1.06659, -35.7465)

[node name="ResourceArea" type="Area3D" parent="resources/oil_spot2"]
transform = Transform3D(0.400061, 0, 0.916488, 3.2008e-10, 1, -1.3972e-10, -0.916488, 0, 0.400061, -0.0222454, -0.93311, -0.0577078)
script = ExtResource("5_2c2qu")
resources = Vector3i(0, 0, 90)

[node name="CollisionShape3D" type="CollisionShape3D" parent="resources/oil_spot2/ResourceArea"]
transform = Transform3D(1, 0, 0, 9.84014e-21, 1, -9.84676e-21, 0, 0, 1, 3.12247, 0, -1.37647)
shape = SubResource("BoxShape3D_lnqtf")

[node name="puddle_oil" parent="resources/oil_spot2/ResourceArea" instance=ExtResource("7_rqekb")]
transform = Transform3D(8.01, 0, 0, 1.05879e-22, 8.01, -8.47033e-22, 0, 0, 8.01, 0, 0.25118, 0)

[node name="puddle_oil2" parent="resources/oil_spot2/ResourceArea" instance=ExtResource("7_rqekb")]
transform = Transform3D(-2.4847, 0.383102, -7.60523, 0.554818, 7.9877, 0.221104, 7.59464, -0.458195, -2.50432, 0.933105, -0.339256, -1.62317)

[node name="environment" type="Node3D" parent="."]

[node name="rock" parent="environment" instance=ExtResource("6_jdpoj")]
transform = Transform3D(5.56977, 0, 8.30528, 0, 10, 0, -8.30528, 0, 5.56977, -22.6601, 4.80053, 47.6511)

[node name="rock18" parent="environment" instance=ExtResource("6_jdpoj")]
transform = Transform3D(-9.04269, 0, 4.26963, 0, 10, 0, -4.26963, 0, -9.04269, -47.9023, 4.80053, -7.65907)

[node name="rock19" parent="environment" instance=ExtResource("6_jdpoj")]
transform = Transform3D(-6.62067, 4.1091, 12.4673, 2.98406, 9.11676, -5.61923, -12.7862, 0, -7.76696, -35.7916, 4.80053, -10.5645)

[node name="rock20" parent="environment" instance=ExtResource("6_jdpoj")]
transform = Transform3D(-6.62067, 4.1091, 12.4673, 2.98406, 9.11676, -5.61923, -12.7862, 0, -7.76696, -23.4517, 4.80053, 56.345)

[node name="rock2" parent="environment" instance=ExtResource("6_jdpoj")]
transform = Transform3D(34.6857, 0, 51.7211, 0, 62.275, 0, -51.7211, 0, 34.6857, -75.3005, 19.4492, 138.802)

[node name="rock16" parent="environment" instance=ExtResource("6_jdpoj")]
transform = Transform3D(35.3772, 46.5698, -21.3982, -51.1689, 33.5627, -11.5525, 2.89334, 24.1448, 57.3309, 62.1449, 19.1893, 29.3898)

[node name="rock17" parent="environment" instance=ExtResource("6_jdpoj")]
transform = Transform3D(35.4812, 48.9345, -14.9892, -51.1689, 33.5627, -11.5525, -0.999411, 18.8981, 59.3299, 62.3808, 17.3211, 46.1875)

[node name="rock24" parent="environment" instance=ExtResource("6_jdpoj")]
transform = Transform3D(15.6861, 3.19954, -60.1821, -51.1689, 33.5627, -11.5525, 31.8412, 52.3592, 11.0828, 83.1003, 17.3211, 86.7703)

[node name="rock25" parent="environment" instance=ExtResource("6_jdpoj")]
transform = Transform3D(34.6666, 42.8996, -28.9141, -51.1689, 33.5627, -11.5525, 7.62485, 30.1885, 53.9323, 175.25, 15.9071, 120.16)

[node name="rock9" parent="environment" instance=ExtResource("6_jdpoj")]
transform = Transform3D(3.37861, 0, 62.1833, 0, 62.275, 0, -62.1833, 0, 3.37861, -121.261, 19.4492, 113.834)

[node name="rock14" parent="environment" instance=ExtResource("6_jdpoj")]
transform = Transform3D(24.0081, 53.2847, 21.5065, -55.8387, 27.1341, -4.89387, -13.558, -17.3971, 58.2383, 51.7659, 19.4492, -51.3703)

[node name="rock10" parent="environment" instance=ExtResource("6_jdpoj")]
transform = Transform3D(9.56515, -15.1661, 59.6379, 57.4049, 23.94, -3.11899, -22.1667, 55.4531, 17.6571, -203.85, 6.45847, 102.545)

[node name="rock3" parent="environment" instance=ExtResource("6_jdpoj")]
transform = Transform3D(-9.02251, -9.53991, 60.8749, 25.2862, 55.5317, 12.4503, -56.1906, 26.5215, -4.17194, -32.8884, 19.4492, 161.988)

[node name="rock4" parent="environment" instance=ExtResource("6_jdpoj")]
transform = Transform3D(34.3146, -12.5637, -13.6544, 15.8396, 34.7859, 7.79907, 9.66407, -12.4046, 35.7003, -64.2738, 14.9614, -74.8142)

[node name="rock15" parent="environment" instance=ExtResource("6_jdpoj")]
transform = Transform3D(-0.0825008, 11.4786, -51.0299, 49.161, 17.4423, 3.84397, 17.8607, -47.9564, -10.8161, -13.4409, 21.7845, -74.8142)

[node name="rock5" parent="environment" instance=ExtResource("6_jdpoj")]
transform = Transform3D(27.0688, -17.2893, 22.1391, 15.8396, 34.7859, 7.79907, -23.1984, 3.57765, 31.1579, -103.292, 14.9614, 39.9612)

[node name="rock6" parent="environment" instance=ExtResource("6_jdpoj")]
transform = Transform3D(28.686, -7.36989, -25.3886, 15.8396, 34.7859, 7.79907, 21.166, -16.0438, 28.5723, -209.673, 14.9614, -54.0596)

[node name="rock12" parent="environment" instance=ExtResource("6_jdpoj")]
transform = Transform3D(-6.55461, 104.068, -55.1824, 63.7242, 49.6147, 85.9983, 99.0675, -25.0287, -58.9686, -173.35, 4.88178, -133.471)

[node name="rock13" parent="environment" instance=ExtResource("6_jdpoj")]
transform = Transform3D(45.0357, -31.9626, -104.251, 58.6104, -88.0178, 52.3048, -91.9495, -71.7591, -17.7208, -315.936, 6.09128, -148.681)

[node name="rock34" parent="environment" instance=ExtResource("6_jdpoj")]
transform = Transform3D(-39.4026, -75.0172, -82.0851, 58.6104, -88.0178, 52.3048, -94.5006, -23.3108, 66.6658, -420.009, 6.09128, -144.216)

[node name="rock26" parent="environment" instance=ExtResource("6_jdpoj")]
transform = Transform3D(-90.6817, -10.3105, -74.7571, -47.1534, 98.9874, 43.5454, 58.9194, 63.3513, -80.2077, -299.639, 5.58617, 252.256)

[node name="rock27" parent="environment" instance=ExtResource("6_jdpoj")]
transform = Transform3D(99.305, 34.1948, -53.7339, 58.6104, -88.0178, 52.3048, -24.9289, -70.7226, -91.0767, -409.655, 6.09126, 151.015)

[node name="rock32" parent="environment" instance=ExtResource("6_jdpoj")]
transform = Transform3D(-78.2632, -37.7766, 79.7867, 63.7242, 49.6147, 85.9983, -61.0917, 100.147, -12.5089, -89.2223, 4.88178, 384.432)

[node name="rock33" parent="environment" instance=ExtResource("6_jdpoj")]
transform = Transform3D(50.7514, 77.3186, 73.2409, 95.6729, -68.7419, 6.27374, 46.7878, 56.6965, -92.274, -112.416, 6.09126, 244.397)

[node name="rock30" parent="environment" instance=ExtResource("6_jdpoj")]
transform = Transform3D(-38.8051, 106.506, -32.6918, 63.7242, 49.6147, 85.9983, 91.3865, 10.6289, -73.8488, -96.4584, 4.88178, 206.754)

[node name="rock31" parent="environment" instance=ExtResource("6_jdpoj")]
transform = Transform3D(61.7718, 37.7136, -93.1667, 84.9848, -77.9854, 24.7787, -53.6652, -80.0879, -68.0005, -194.937, 6.09126, 271.557)

[node name="rock28" parent="environment" instance=ExtResource("6_jdpoj")]
transform = Transform3D(-77.42, -39.1434, 79.9504, 63.7242, 49.6147, 85.9983, -62.1569, 99.6212, -11.416, -513.25, 4.88178, 102.377)

[node name="rock29" parent="environment" instance=ExtResource("6_jdpoj")]
transform = Transform3D(49.5299, 77.1214, 74.2777, 58.6104, -88.0178, 52.3048, 89.6087, 14.9421, -75.2669, -420.119, 6.09126, -19.8641)

[node name="rock11" parent="environment" instance=ExtResource("6_jdpoj")]
