[gd_scene load_steps=5 format=3 uid="uid://d1scgasuvckup"]

[ext_resource type="Script" path="res://src/scenes/player/Player.gd" id="1"]
[ext_resource type="PackedScene" uid="uid://cnbkuj1ns2a35" path="res://src/scenes/player/cursor.tscn" id="2"]
[ext_resource type="PackedScene" uid="uid://cng4vguovxxpf" path="res://src/scenes/UI/UI/ui.tscn" id="3_n8t71"]

[sub_resource type="Curve3D" id="1"]
_data = {
"points": PackedVector3Array(-0.00405884, -0.678497, -1.85809, 0.00405884, 0.678497, 1.85809, -0.00762939, -2.17762, -2.5437, 0, -0.468226, -0.652867, 0, 0.468226, 0.652867, 0, -0.851954, 0.195085, 0, -0.952262, -0.8641, 0, 0.952262, 0.8641, 0, 2.19917, 3.83957, 0, -2.94507, -2.67789, 0, 2.94507, 2.67789, 0, 8.23953, 9.42288),
"tilts": PackedFloat32Array(0, 0, 0, 0)
}
point_count = 4

[node name="Player" type="Node3D"]
script = ExtResource("1")

[node name="Path" type="Path3D" parent="."]
transform = Transform3D(1, 0, 0, 0, 0.793959, 0.607972, 0, -0.607972, 0.793959, 0, 4.51465, 7.74455)
curve = SubResource("1")

[node name="PathFollow" type="PathFollow3D" parent="Path"]
transform = Transform3D(-0.999998, -0.000749263, -0.00205189, 0, 0.939334, -0.343004, 0.00218441, -0.343004, -0.93933, -0.00762939, -2.17762, -2.5437)
rotation_mode = 4
loop = false

[node name="Camera" type="Camera3D" parent="Path/PathFollow"]
transform = Transform3D(-0.999997, -0.00169886, -0.00178406, 0.000264407, 0.645991, -0.763344, 0.00244931, -0.763344, -0.64599, 3.72529e-09, -0.0318494, -0.212316)
current = true
far = 512.5

[node name="cursor" parent="." instance=ExtResource("2")]

[node name="UI" parent="." instance=ExtResource("3_n8t71")]
